00373
04004
04005
04009
04013
04015
04027
04164
04165
04166
04169
04170
04171
04178
04201
04202
04209
04211
04215
04216
04217
04221
04245
101
105
106
11
114
115
118
120
125
126
135
143
144
147
149
153
154
155
161
162
165
167
168
174
175
176
183
188
191
193
196
197
199
2
201
203
207
208
215
217
218
219
220
227
229
23
233
235
236
237
238
240
246
247
25
251
255
259
263
264
265
266
267
26896
269
27
270
273
27872
27934
282
290
29073
29096
292
293
29332
294
296
300
301
302
305
31
310
314
316
317
31730
320
32159
32231
32310
32436
325
329
32907
33
330
332
334
336
337
340
34273
343
34359
344
34437
346
347
34736
348
351
352
35232
35272
353
354
35538
35557
358
362
36387
364
36487
365
366
36737
36866
37
37117
37130
37149
372
37289
374
375
376
377
379
380
382
385
387
388
389
39
399
40
400
4001
4003
4004
4006
4007
4008
4009
401
4010
4011
4012
4013
4014
4015
4018
4019
402
4020
4021
4022
4023
4024
4025
4026
4027
4028
4030
4031
4033
4034
4035
4036
4037
4038
4039
4041
4042
4043
4044
4045
4046
4047
4048
4049
405
4051
4052
4053
4054
4055
4056
4057
4058
4060
4061
4063
4064
4065
4067
4068
4069
407
4072
4076
4077
4078
4079
408
4080
4081
4082
4083
4084
4085
4086
4087
4088
4089
4090
4091
4092
4093
4095
4096
4098
41
4100
413
416
417
419
420
421
423
425
426
427
433
437
442
444
445
446
447
450
452
455
46
460
461
5
55
56
57
61
64
67
68
7
70
74
76
77
78
87
90
92
94
95
97
